_G.premiumUsers = {
    417873123,
    1350413105,
    430616471,
    471891898,
    4349216893,
    2563515384,
    2418065576,
    3516801064,
    3674063270,
    3525010151,
    3243721942,
    1637045295,
    542044107,
    1203664,
    4391622373,
    3063260158,
    642702630,
    4512962958,
    889145044,
    872746131,
    915110401,
    1598774900,
    1615678192,
    3303103110,
    3768080572,
    726406268,
    4331800398,
    462782688,
    3548622958,
    35177230,
    4487014005,
    1003733189
    
    
}

_G.BlackListedUsers = {
    1
}
